13971152911
13590198097
18616551654
18971325625
18603335115
18603335115
18696590776
18696590776
18696590776
18696590776
18696590776
18696590776
18696590776
18611259404
13003999267
13922122085
18661737333
18918372557
13922122085
13342200900
13911995949
13911995949
13911995949
13951910494
18192258625
15920459511
18520443183
15011292565
15011292565
13916297337
15001322968
13821882189
13821882189
15210217223
13811188523
15840331332
18600486285
13784199745
15161563933
18788575755
13070170296
18603006633
13146009283
18560676665
18560676665
18560676665
18016342090
15920503164
15920503164
15920503164
15920503164
15800934901
13632429414
18171519870
13661222585
13188692437
13188692437
13920413233
18652092620
15989196898
15989196898
13707142282
15859291829
13802449920
15915873501
18610949056
18610949056
13482681941
13482681941
15684235999
13482681941
13482681941
13482681941
13482681941
13482681941
13482681941
13482681941
13482681941
13482681941
13482681941
13482681941
13482681941
13482681941
13482681941
13482681941
13482681941
13482681941
13482681941
13482681941
13482681941
13482681941
13482681941
13482681941
13482681941
13482681941
15921212555
15921212555
15915873501
15915873501
13909211903
13909211903
13909211903
13909211903
13909211903
15091151056
15355059376
15355059376
13636673369
18695113858
15313429520
13676721999
13811279448
13998529591
18618267369
18522562293
13602648860
18500220125
13913910147
15953276766
13825819666
13755060275
15905043090
18674031719
18368001488
13867441926
13738127849
15753983059
15120056210
18920301977
13570548860
13735880066
13426236036
13426236036
13426236036
13426236036
13426236036
13426236036
13426236036
13426236036
18162597090
15541866955
13752530048
13915516779
18686743006
18513713276
18513713276
18513713276
18513713276
18513713276
18513713276
18682011722
15689907818
15645058337
13912901010
18501669726
18611720905
18611720905
18611720905
18611720905
18611720905
18611720905
13940054886
13821337090
18695068378
13940054886
18612928896
18810816529
15815865651
18810816529
13924643612
13820804447
15044006900
18520221007
13833125507
18610137506
15301586547
18611127229
15010516439
15010516439
15914392287
15811370861
13521830339
18601357075
13816849863
13701180138
18920118799
13632645563
18640008365
18640008365
13721069299
13865905390
13865905390
13865905390
13370123635
13911025494
13911025494
13911025494
13911025494
13911025494
13911025494
13911025494
13911025494
13911025494
13910816286
18118806558
13801327659
18600012305
13813029517
15618292419
15618292419
13910900095
13910900095
13861866834
18665161241
18611750359
18911587881
15801331934
13601360209
15801612469
15801612469
15801612469
15801612469
15801612469
15801612469
15801612469
15801612469
15001387852
18823832283
13501187780
13917708244
13240266684
13859989872
15349252563
13857194141
13922131195
13706813335
18571689123
13846862588
15195750687
13122913385
18520850932
13913914389
13871274951
18917972337
18917972337
15801216971
15989356851
13868056820
15031111504
15053245088
15053245088
13826563673
18221155779
18612871231
13602065758
13601788023
13601788023
13601788023
13601788023
18600406361
13852211955
18651856570
15910235763
15910235763
13659830768
13264555552
13264555552
13264555552
13264555552
13264555552
13264555552
13264555552
13264555552
13928789550
13928789550
13675172432
13409500800
18601748221
15021966609
13174836554
18622120110
18520999876
18520999876
13776688720
18108085190
18841166044
18841166044
13950198778
13918100356
13918100356
13918100356
13918100356
13918100356
13918100356
13918100356
13918100356
13918100356
13918100356
13918100356
13918100356
13918100356
13918100356
13918100356
13918100356
13918100356
13918100356
13918100356
13918100356
13918100356
13918100356
13918100356
13918100356
13918100356
13918100356
13918100356
13918100356
13918100356
13918100356
13918100356
13918100356
13918100356
13918100356
13918100356
13918100356
13918100356
13918100356
13918100356
13918100356
13918100356
13918100356
13918100356
13918100356
13918100356
13918100356
13918100356
13918100356
13918100356
13918100356
13918100356
13918100356
13918100356
13918100356
13918100356
13918100356
13918100356
13918100356
13918100356
13918100356
13918100356
13918100356
13918100356
13918100356
13918100356
13918100356
13918100356
13918100356
13918100356
13918100356
13918100356
13918100356
13918100356
13918100356
13918100356
13918100356
13918100356
13918100356
15959204628
13858137930
18221801062
18309287025
13811107715
18607555272
13862162921
18601351273
18601351273
18601351273
18601351273
18601351273
18601351273
18601351273
18601351273
18601351273
18601351273
18601351273
18601351273
18601351273
13910038770
13725570128
18610818916
13590296903
13590296903
18106561114
13261981058
13923433310
13910263023
13752107176
15051199758
13554151069
15810237689
15810237689
18600028421
15988477748
13389287793
13389287793
18688479119
18688479119
13738072552
15001393556
13989892058
13390626868
13390626868
13390626868
13390626868
15311079697
15311079697
18868832963
15124427333
18611605151
13986220390
13824413629
13824413629
18663739277
18675593098
13802913105
13802913105
13802913105
18032897398
18853121968
18920152606
13898567771
18507076600
18507076600
18682457322
13764950646
18622335226
18917587696
13816731587
13587665005
13916657231
15133967020
15133967020
18810870579
18500038156
15088658979
15088658979
13391853589
13701003417
13911675530
13911675530
13911675530
18692270067
18692270067
18692270067
18692270067
18692270067
18692270067
15801390851
15801390851
18058107997
18235112025
18539975454
18641388017
13381235696
13381235696
13381235696
13381235696
13381235696
13381235696
13381235696
13381235696
13381235696
13381235696
18611686361
18611686361
18611686361
18611686361
18611686361
18611686361
18611686361
18611686361
18611686361
18611686361
15150500051
13805065128
13805065128
13805065128
13805065128
13805065128
13805065128
13805065128
13805065128
13805065128
13805065128
13805065128
13805065128
13805065128
13805065128
13071231950
13884673637
18988836628
18988836628
13929599928
15189127776
13802763266
13802763266
13711102542
13693121855
13996408394
15167871664
15167871664
13522995888
13522995888
13522995888
13522995888
13522995888
13522995888
13770959754
13305195600
13045136793
18701899998
18701899998
18701899998
18701899998
18701899998
18513519391
13594640003
13735398052
15001226367
13554259921
13911200226
13911200226
13380073043
18910884665
13456715050
18714259366
18714259366
18714259366
18768196188
18822159607
18822159607
18768196188
13687625737
13009392288
13009392288
13009392288
15077858239
15140570152
13858093938
13858093938
13858093938
13904926037
18601301160
13521855275
13470117910
13818919843
13818919843
13971333097
15221165187
13969186301
13757112372
13757169367
13911353422
13911353422
13911353422
13911353422
13911353422
13911353422
13911353422
13911353422
13911353422
13911353422
13911353422
13911353422
13911353422
13911353422
13911353422
13911353422
13911353422
13911353422
13911353422
13611028445
13926073730
13926073730
13926073730
13801080182
13601268078
15998166585
15998166585
15998166585
15998166585
15998166585
15998166585
15998166585
13916201604
13510813836
13512219731
15958893462
15958893462
13685457252
13685457252
13910069580
13917559982
13820159681
13950124981
13950124981
15850112267
13407100165
13501396464
13717781976
13717781976
13717781976
13717781976
15840536216
13760162591
13120397665
13120397665
13165066807
13381063553
15013022727
18162608811
15000052609
18502522035
13646874902
18605910863
18841720917
15969555275
15969555275
15969555275
15969555275
15969555275
15969555275
15969555275
15969555275
15969555275
15969555275
15969555275
15969555275
15969555275
15969555275
18645996400
18604629059
18677116917
18677116917
18677116917
18677116917
15969555275
18604629059
18604629059
13581879900
13581879900
13581879900
15000484375
13552559538
15842622820
15842622820
13700500035
13761667047
13761667047
13761667047
13761667047
13761667047
13761667047
13761667047
13761667047
13761667047
13761667047
13761667047
13761667047
13761667047
13761667047
13761667047
13761667047
13761667047
13761667047
13761667047
13761667047
13761667047
13761667047
13761667047
13761667047
13761667047
13761667047
13761667047
13761667047
18500521485
13655782233
15325811960
15901305982
13923804654
13923804654
18810131713
18810131713
18941241789
18941241789
18941241789
18941241789
15053239268
18652073957
18652073957
13911727135
13911727135
13770555477
13770555477
13770555477
13770555477
13770555477
18612169272
13602802638
13810234711
13810234711
13951762108
15657887898
13580338816
13920136370
13920136370
15052798817
18003660715
13826469357
13980864477
13980864477
13791075286
18674806565
18839970699
18839970699
13258075921
18682417588
13601786652
13601786652
13601786652
13601786652
13601786652
13601786652
13601786652
13823528138
13521231272
13901134983
13901134983
13901134983
13464693649
13925226933
13818891586
13126806599
18986136036
18986136036
18986136036
18986136036
18986136036
18986136036
18986136036
18986136036
18986136036
18986136036
15210199017
18101096711
18658819531
15313015950
13082551692
18988770778
18988770778
13216230579
18101195807
13082551692
13941325701
13818067442
13681383378
13427542722
18101334626
18650160505
13510223255
18521508120
18521508120
18521508120
18521508120
18521508120
18521508120
18521508120
18521508120
18521508120
18521508120
18521508120
18521508120
18521508120
18521508120
18521508120
18521508120
18521508120
18521508120
18521508120
18521508120
18521508120
18521508120
18521508120
18521508120
13552474762
13552474762
13505742612
18522010808
18522010808
18522010808
13844850277
15920164410
15920164410
18968053132
18867505238
18867505238
18867505238
13718914715
18621107560
18661144599
18661144599
18661144599
18661144599
18661144599
18242040407
18242040407
15261156726
18622930068
13671881573
13671881573
13671881573
13671881573
13671881573
13671881573
13671881573
13671881573
13671881573
13671881573
13307915403
13502802988
13701358192
15998603685
13693232910
13916357528
13916357528
13916357528
13916357528
13916357528
13916357528
13957153053
18824630597
18129598666
18202695439
15071120825
13601407414
13601407414
18800382937
18911065797
18911065797
13808095737
18500656855
18513378879
18513378879
18513378879
18513378879
18917549410
18825234145
13751777756
18643126932
13631331367
13370185157
13852287929
13667271100
18622048256
13810061683
13810589233
18857044447
15371027913
15850014549
18706192436
13501724959
15893015531
13545058100
18607141117
15998403656
15998403656
18871707742
18333537899
18698091632
13676339130
13676339130
18616264664
18243278399
13482211668
18660676762
13922250659
13922250659
13898570573
18810767826
13826084068
13826084068
18086537815
18086537815
13655174533
18601949111
18635188017
18622349348
18622349348
13538886590
13908643671
13908643671
13466377811
13466377811
13820269419
13600490944
13600490944
13600490944
18068002655
13379058666
13130653333
13130653333
13130653333
13758102398
13521100815
15996311101
13668880026
13961900199
18654526768
18769357632
13717840728
13500565527
15865557203
18559878582
15712855583
15305321162
15502634095
13047593359
13256787978
13802400880
15618580169
15618580169
18565005421
13636629248
13636629248
13636629248
13636629248
13636629248
13636629248
13636629248
13636629248
13636629248
13636629248
13636629248
13636629248
13636629248
13636629248
13636629248
13636629248
13636629248
13636629248
13636629248
13636629248
13636629248
13636629248
13636629248
13636629248
13636629248
13636629248
13636629248
13636629248
13636629248
13636629248
18511866497
15867669477
13910546177
13910546177
13910546177
13910546177
13910546177
13910546177
13910546177
13910546177
13910546177
13910546177
13910546177
13950096798
18628287063
15821788101
18560109061
18604990427
13811021780
18677167862
18677167862
18677167862
18677167862
18677167862
18677167862
18677167862
18677167862
18677167862
18677167862
18677167862
18677167862
18677167862
18677167862
18677167862
18750222216
18750222216
13810846417
15652711070
15801656114
13417370811
15852752987
13632396010
15840834789
18521557577
18119704444
13801271655
15802026756
13801284543
13683357409
18071432642
15877183335
15877183335
15877183335
13630585696
13560479883
15366353111
13510130779
15506906000
13651027874
18502553406
18588853678
15805318563
13602836177
13898652621
15056915588
15056915588
15056915588
15056915588
13580567667
13671268317
13671268317
13691017761
13691017761
13336025069
18601025952
18612718952
15902032260
15902032260
18600782164
13901195520
13301098623
18312059917
13811357484
15207101210
15914318335
15914318335
15914318335
13811357484
13410773475
13489020081
13987856734
18518220531
13911377105
13770335281
13770335281
13770335281
13770335281
13770335281
13770335281
13770335281
13770335281
13770335281
13770335281
13770335281
13814022553
13691376686
13691376686
13959181180
18602831417
18660376081
13864850323
18561398629
13501082321
18201097773
13625812269
13651054466
13946234324
13946234324
13946234324
13487097300
13651054466
13651054466
13651054466
13651054466
13651054466
13651054466
13651054466
18366946669
18669833257
18669833257
18910897509
13718538707
13718538707
13718538707
13718538707
13718538707
13718538707
13718538707
18911071719
15996214038
18654556755
13918076827
13510301320
13141350050
15658023179
15888839787
18678633582
18991860330
18502101733
18502101733
18502101733
18502101733
18502101733
18502101733
18502101733
15510547617
13688893373
15888839787
13602601029
13415356039
13415356039
13415356039
18689600021
18689600021
18055190986
13811196219
13631350909
13631350909
13631350909
18673158066
18117275209
15588668635
15810881071
13601669279
13811345433
13811345433
13901129615
13770770410
13787008345
13916457661
13916457661
15895807569
13651618790
13759544136
15150677533
13801170230
18688793601
17600851324
17600851324
13818474955
13918228812
18610010303
18610010303
14700000430
18626583234
18640119998
13520631267
13631460027
13510315313
15904614250
18602999990
13813876100
13813876100
13509662399
13818586357
15024302217
13818021314
18669113358
18621966287
18621966287
15822503522
18696150296
13828789293
17791946550
15019217225
13840993229
13840993229
13502850262
13510728899
15805198216
15801281522
15801281522
15801281522
15801281522
13787026180
13787026180
13787026180
13787026180
13787026180
13787026180
13787026180
13787026180
13787026180
13787026180
18631281988
18801006741
18801006741
18801006741
13826458200
13826458200
13151275850
15210103946
18554600595
18231323337
13917515257
13986071179
13986071179
13986071179
18621876850
18621876850
18621876850
18621876850
18621876850
18621876850
18621876850
18621876850
18621876850
18621876850
18621876850
18621876850
18610811113
18610811113
18610811113
18027370657
15210103946
13920103094
18045002369
15542415521
13884411300
15889709070
15510892660
18853681118
18853681118
18618237150
15968130331
18013160007
13940754441
13593188099
13611995267
13611995267
13611995267
13611995267
13611995267
13611995267
13611995267
18750776683
13034608045
15914273020
15914273020
15611189002
13902247207
15989006770
13795187023
13795187023
15618630045
13723798361
13525641888
15626024577
18561730169
13729853704
18601208517
13761107137
13761107137
13761107137
13761107137
13761107137
13761107137
18721856908
18910255592
13508337720
13911112406
13911112406
13911112406
13911112406
13911112406
13911112406
13911112406
13911112406
13911112406
13911112406
13911112406
13911112406
13761399271
18616870996
15207122992
13861393517
15821601337
15821601337
15821601337
15821601337
15821601337
15821601337
18910053699
18910053699
13811645342
13426494333
13426494333
13802546839
13802546839
13588129210
13588129210
13901161839
13901161839
15145320606
15122054637
15122054637
18822851655
18822851655
13810470894
18600895388
18600895388
13960701508
13588841923
13704109101
13704109101
18366915543
13602163287
13925281047
15169096123
13858237399
18622651850
13774273639
13821866009
15040320482
15002091412
15321306581
13152092592
13510167616
18615709448
15955262822
15955262822
15366037592
15110316772
15717101917
15717101917
18677199488
13855172425
13632827017
15001002864
18640550602
18640550602
18640550602
18640550602
18640550602
18640550602
18640550602
13121143188
18511960232
18750258884
13138631500
13301275880
13301275880
18958118522
15615091333
15615091333
15615091333
13910061518
18602246178
18658822121
13477008837
15653908715
15869199213
13621116093
13801799315
13731013072
13731013072
13731013072
13731013072
13731013072
13731013072
13731013072
15160091681
15863037169
15165266636
13968866255
15152144825
18664882801
18664882801
18601235855
18601235855
18601235855
13922124848
15898003613
15053277633
15053277633
15053277633
15053277633
15053277633
15053277633
15053277633
13410506797
15151841670
13818810762
13818810762
13818810762
15850592812
13120330683
15808793380
15808793380
15808793380
15808793380
15808793380
15808793380
15808793380
15808793380
15808793380
15808793380
15808793380
15808793380
15808793380
15808793380
15808793380
15808793380
18575209794
18701257844
18795959758
15665837277
13632463854
18616214901
18616214901
13902242160
18669739332
18669739332
18710033121
15010539660
18669598753
13851492371
13812513898
18650992126
18650992126
18650992126
13632333702
13685759089
13810052725
13166669421
13966766482
13966766482
13966766482
18888832910
13381239601
13430348432
13851697419
15332385328
13502101508
13520485501
18800122599
18800122599
15658055800
15988811732
13504086901
13917468081
13560070052
13560070052
18868767985
18868767985
18615214321
18611848335
13311303310
13567149865
13567149865
18601646030
18117027993
18117027993
18118512002
18652332662
13998668282
13682244408
15865503931
13066030086
13760158415
18964310569
13262751597
18640148967
13824552689
13824552689
15071426668
13813810882
13752782554
18930807606
13071242001
18511023297
15102030403
13810656015
13560392614
13560392614
15110188821
15804850485
13951768763
18355253396
18355253396
15946634787
15946634787
15946634787
13936693010
18602184720
15689905036
15830717778
15830717778
15830717778
15588833355
13395516217
13581632070
13581632070
18017428699
13810438941
15091862205
15210105774
13902288717
15338813057
15645920333
15987116445
13426439391
13632957708
13911918337
13695849684
13760756062
18613958064
18613958064
13522561296
18601196771
13731876082
13731876082
13776414058
18658890331
18658890331
18010120393
18601161246
18601161246
13820008221
13335068798
13425129850
18600577962
15688505273
13196805338
15522525058
15947321314
15947321314
15947321314
15947321314
15261231527
13631500505
13911264798
18640330455
18998367782
18998367782
18998367782
18672318183
15153158163
15209852539
13466309571
15313158169
13069152345
13069152345
18643901979
13933790787
15757113833
18623386066
18623386066
18013094991
18013094991
13065712456
13065712456
13065712456
13065712456
13065712456
13065712456
13065712456
13426314631
13426314631
13530794003
15105187311
18641621493
13732586529
13546466025
17708119319
15214352617
15214352617
13646851127
13994208056
18615609990
15131570571
13828846862
13828846862
13828846862
18629028082
18629028082
15901160613
18610772730
13776648282
13776648282
13776648282
18167131210
15836666699
13730922662
18601990207
13700296656
13700296656
13705318692
15275224357
15007175190
15001104152
18101819951
18101819951
18101819951
18653223763
15618160433
15618160433
15618160433
18025320253
18678802277
13502824365
13502824365
13502824365
18601732010
18602956748
15057994488
13478176602
18510626096
18454388026
18591087574
18591087574
18591087574
18589047455
18665982561
13693186856
13693186856
15330000409
13889232895
13691011003
18911932927
18911932927
18911932927
13926597268
13926597268
13926597268
13926597268
13926597268
13535237337
13926597268
13926597268
13401185112
13401185112
13405899218
13851456241
13821743753
13622230018
13622230018
15961875170
15961875170
13716101652
13622853911
13751835877
13840914715
13660471064
15124100580
15014560750
13817213494
18058809616
13194293337
13823357940
13728900745
13728900745
13591498333
18266827202
18266827202
15850735362
13930193693
13930193693
13930193693
13930193693
18311386126
13426158202
13426158202
13426158202
13426158202
13426158202
18600426690
13920792177
13266738372
13476012026
15959801650
13591558591
18930405621
15899785927
13428741853
18911740926
15919881221
15919881221
13605177512
13649506902
13834175706
13834175706
13693158028
13811786950
13811786950
13811786950
15655281116
15888892880
18642086399
18610023607
18646590478
15960207143
15858175526
15908983456
18680281270
15011572786
18936007157
13301979362
13301979362
13301979362
18688935153
18946365558
15811283472
18913980816
18913980816
13798327838
13021232460
13940219509
13520543790
13520543790
13520543790
13520543790
13520543790
13520543790
18923826602
18642756678
15733335913
15733335913
15733335913
15733335913
15733335913
15733335913
15733335913
15733335913
15733335913
15733335913
15733335913
15733335913
15733335913
15733335913
15733335913
15733335913
15733335913
15733335913
15733335913
15733335913
15733335913
18656087838
13802545434
13752133630
13660008560
18842105658
18622997030
13958107815
13391830240
18611555574
18611555574
13911679059
13504315408
13430268385
13701229979
18659351733
15977116565
15977116565
15977116565
15977116565
15977116565
15977116565
15977116565
15977116565
15977116565
15977116565
13779994269
13779994269
13368164180
15308061000
15609246668
15609246668
15609246668
15609246668
15609246668
15609246668
13810717642
18911837296
13710270770
13622267008
15901055791
15901055791
15901055791
15901055791
15901055791
15901055791
15901055791
15901055791
15901055791
15901055791
15901055791
15901055791
15901055791
15901055791
15901055791
15901055791
15901055791
15901055791
15901055791
18863926333
18688983383
15908982331
13711267486
13711267486
18767125961
15812484531
13811429754
13811429754
18663971535
18663971535
18663971535
13555622500
13611320730
15840252593
18672791691
13811324751
15901079616
15901079616
15901079616
18900661569
18900661569
18900661569
18900661569
18900661569
18900661569
18906005926
13711288344
13711288344
13852596834
18618384225
18579102294
18600845070
18600845070
18600845070
18600845070
18600845070
15569090007
13852596834
15800010905
15980236100
15980236100
15980236100
13633260645
13633260645
13633260645
13633260645
13633260645
13633260645
15801606920
13001006396
18607375155
18607375155
18607375155
18607375155
18607375155
15506606550
13330969199
13817196010
13075962299
13632243640
13920347027
13526944697
15510815579
15510815579
18616633109
13840788604
18501701050
15810068936
15255252727
13510017240
15901045264
13826579810
18601062862
18601022211
13659828917
15707565888
15821190510
15910646698
18688849842
13552031758
13552031758
18242285868
18673167609
13702033355
13860619599
13860619599
18600562726
18618333773
15110238026
15110238026
15110238026
18268103400
13632401983
13813524463
18618149717
13593160341
18553235013
13933550337
13957122027
13923464453
13411999256
15201307620
13609873359
13555951207
13796346375
18610470170
18610470170
13429872966
13429872966
18613869315
18222729183
13816883973
13816883973
13757670077
15040414941
15880287310
13821709166
13821709166
13821709166
13821709166
13066712112
15827109552
13292440816
13292440816
13292440816
13292440816
13292440816
13292440816
13811855611
13811855611
13510950155
13715160381
15589827069
13957546008
13957546008
13957546008
13957546008
13957546008
13957546008
13127864434
18506932189
15026745214
13823120015
13823120015
13752196872
13752196872
13590301146
13590301146
18911872980
18688770637
13296602040
13910093166
13910093166
13910093166
13910093166
13910093166
13910093166
13910093166
13910093166
13910093166
13910093166
13418667316
13408639586
18901025881
13779961190
13779961190
13301398595
17705195577
17705195577
17705195577
13790723588
13910144871
13437171093
13524423020
13600917591
15121080228
13921449321
15202674421
13552184154
15840254326
18611600094
13522699794
13795120706
13777829111
18045697772
18600884953
13821794393
18717706570
18918688609
13533797649
15171480783
18979077482
15192007762
18602529686
18602529686
18602529686
18602529686
18602529686
18602529686
18602529686
15842255445
15842255445
15842255445
15842255445
18811212051
18964611371
18559286122
18611267776
13898660960
18678982306
18507441000
15906698496
13691595849
13823535195
15527192420
15527192420
13515974738
13309691616
18390816875
13025110904
18688956518
18688956518
15226206502
13681308847
13934565055
18902854906
18671734961
18665000086
18207123451
18207123451
15905285699
13129112151
18672991299
13464393328
15056090270
15099884839
13969654525
13729883201
18931611212
15011211060
18167101385
18167101385
18167101385
13227761885
18028669596
15521245557
15521245557
15213220921
13911830705
15857100270
13164137070
15309899210
15309899210
18500073120
18688792577
13910093132
18865568895
18865568895
15542533933
13910093132
15333689163
18664797472
15910652003
13240423988
13810162760
18698169509
13324550598
13641347299
15101137095
15101137095
15101137095
15101137095
15101137095
15101137095
15101137095
15101137095
15101137095
13908250502
15101137095
13631482257
15910631100
18688202302
15101137095
15710288245
15710288245
18622979353
18652501067
13736850716
15327100982
18005812290
18661871365
13924811211
18622206979
18622206979
15626068183
15626068183
15626068183
15626068183
15626068183
13951772025
13556059709
13500029646
13583278920
13636628431
13821222952
13821222952
13821222952
13052217065
13052217065
15810061256
13920083677
18602567323
13570209009
18680392889
18221498179
18622567370
18622567370
15002023757
18561367802
18561367802
18622022230
13889455324
15821181236
15821181236
13594351336
18116435692
13910241065
18647742726
13701319606
13701319606
13701319606
13701319606
13701319606
13501508820
15543523338
18612443975
13501177822
13811407971
13811407971
13811407971
13811407971
13811407971
13811407971
13811407971
13811407971
13811407971
13811407971
13811407971
13811407971
13811407971
13811407971
13811407971
13811407971
13811407971
13811407971
13811407971
13811407971
13811407971
13811407971
13358995881
13358995881
13358995881
13911327427
13570953095
13051336073
18712790861
13288686890
13288686890
13288686890
18612066096
18010039619
13605520096
18672381767
15007623009
18698023863
13916804890
13911451707
15041468000
15041468000
15811236658
13910049442
13752607827
15656038880
15811236658
17702157787
13120929919
13120929919
13120929919
13120929919
15184064288
15184064288
15280215878
15003237997
13500706011
18686521826
18716427667
15652584377
13918705150
13906290203
13656640682
13656640682
13570407664
18898479430
18210918923
15524510520
15524510520
15524510520
15820443389
15820443389
15820443389
18380216953
18505248909
18505248909
13760171550
13725550043
13466628882
13711799955
15349250516
13864822945
15802264840
13533070681
15802264840
15802264840
15802264840
13580522020
18916938103
18916938103
18916938103
18916938103
15810868636
15810868636
13322996279
18200745211
18663729922
15810312941
18688827433
18688827433
18688827433
18688827433
15901825585
15901825585
15901825585
18612761933
13588744130
13969068423
13683677142
18908359828
13816698409
15142216679
13804286665
13533226267
15954099478
18612292797
18611948887
13517232756
18688903060
13510862015
18691957299
15153238929
18600053152
13418458596
13588854063
18669817003
18642836976
15926389197
15926389197
13590147979
18612514369
18612514369
18646865313
18612681152
18632939386
18632939386
18632939386
18640041593
13911905197
13911905197
13911905197
18995635420
15658461110
18502711773
15618957853
13426386812
13570808617
15959186971
15959186971
15959186971
15959186971
15959186971
15959186971
15959186971
15959186971
15959186971
15959186971
15959186971
15959186971
15959186971
15959186971
15959186971
15959186971
15959186971
15959186971
15959186971
15959186971
15959186971
15959186971
13601920442
18102462621
18102462621
18102462621
18645020769
18645020769
13916551768
13916551768
13632699960
13823286311
18368862010
13718799437
13969627637
18677098530
13544090376
13810230506
13770863364
15527015853
18911220398
13910650333
13420933056
13420933056
13420933056
13420933056
13420933056
13420933056
13420933056
13616538606
18607091011
15147270132
15953100080
15820028901
13842057457
13904187787
18222189669
18222189669
13261711018
13855505310
13903465453
15986638494
18523365429
18563970299
13559523206
13810756911
13701810323
18818855117
13776648335
15226545589
13450280276
15998672151
15344220507
13055426532
13917940161
15801557267
15503226692
15503226692
13699206985
13760807698
13811678180
18565606048
18565606048
18565606048
18565606048
18621139663
13840766515
15957887666
13591395853
18868735556
13910513809
13910513809
13910513809
13910513809
13466560706
15868507763
15868507763
15868507763
15868507763
13851872079
13851872079
13942257939
18101671788
18101671788
13811043860
18066108882
18066108882
18066108882
18661621642
13810563010
13810563010
13810563010
13810563010
13810563010
18553256105
15023288384
13456934184
13456934184
13456934184
18923104987
15175526926
13681447362
13552198333
18504156385
15857180168
13520775291
18520642339
13797070829
13511037361
15005927788
13926065939
13031190000
18987555318
18987555318
18987555318
18654559526
13478970706
13120661777
13120661777
13120661777
13120661777
13120661777
13120661777
13120661777
13120661777
13259419069
13817700815
18128697649
14715020879
14715020879
18826580566
13664111396
14715020879
14715020879
13305010878
15040657239
18685177225
18685177225
18685177225
18685177225
18685177225
18685177225
15942995331
15942995331
13404177039
13504186668
13911965755
13698690950
15022220160
15022220160
13672197647
15998688662
13610132100
13610132100
13610132100
13610132100
13610132100
18277176063
13650009133
18511929489
18632589315
18632589315
18905326185
15088859727
15811008413
18694049860
13105155373
15610212520
15610212520
13914764534
13105155373
18759111567
15811022855
15811022855
15811022855
15811022855
15811022855
15306775588
15306775588
15306775588
13711023466
13711023466
15959277696
15959277696
13812192862
13301163228
13301163228
15959277696
13705183219
18036780336
18819218386
13941120257
18819218386
13824501449
13835112333
13835112333
15818557794
15818557794
18061885777
13811635431
13811635431
13646673833
13940496402
13790001822
15906622168
15542572778
15066211695
15066211695
13817507323
18698401828
15981609980
15981609980
15981609980
15981609980
15692318111
17701601513
17701601513
17701601513
13826589270
13871598878
13871598878
13011025837
13585753039
13687618170
13920072911
15841299140
18750226156
13651212403
13697321053
13697321053
13697321053
15051888697
15122676180
13851910066
13817628847
13817628847
15757176544
15757176544
13005448292
18052196772
13910772379
13910772379
13910772379
13910772379
13910772379
13910772379
13910772379
13910772379
13910772379
13910772379
13901041840
13691235153
18600805450
18600805450
18602196782
15507574724
15810115131
13002175777
18616743353
13622861315
15801150331
18866226119
13602036761
15288987098
15288987098
15288987098
15040451541
13809552305
18507199517
18507199517
18507199517
18507199517
18507199517
18507199517
18507199517
18507199517
18507199517
18507199517
18507199517
18507199517
18507199517
18507199517
18507199517
18507199517
18507199517
18507199517
18507199517
18507199517
18507199517
18507199517
18507199517
15878802233
13840596434
13840596434
13918019982
13918019982
13918019982
13918019982
13918019982
15261408121
15000371028
15658298888
18602055946
13850087009
13850087009
13601467609
13601467609
18640927057
13696992692
13776552016
13821505038
13080777881
13503546578
15001784361
18610021699
15100032233
13136756752
18741959296
18241028832
13816806207
18918390928
18167124110
13901946865
15889299487
18103799797
13823730188
15148524792
15148524792
18066834170
15148524792
15148524792
15148524792
15351220596
13916628339
13563193175
13426065863
18600361483
15000110776
15000110776
18301075065
13631371325
15904119072
13306891018
13817694482
13817694482
13560780445
15811514411
15811514411
15811514411
18910750663
13856921695
13260298050
13880581718
13880581718
17710288985
13871570714
13286547601
13381233225
18616976969
13601823660
18667116608
18667116608
18667116608
18577788898
18577788898
18518417653
13916077259
13916077259
13916077259
13916077259
13916077259
13916077259
13810736500
13810736500
13798115000
13798115000
13798115000
15356811123
13898829884
13793298207
18641387889
13701870228
13917336139
13917336139
18618386492
13801369608
18601624888
13051329135
13156367925
13916388604
15389036510
13541174218
13818632231
13818632231
13818632231
13818632231
13818632231
13818632231
13818632231
13818632231
13818632231
13818632231
18551731122
18551731122
18611956817
18611956817
13222486996
15120034033
13400616560
13400616560
13469964264
18953649441
18019020511
18101120107
13515817099
13515817099
18904059495
18917641899
18917641899
15063055663
13822189285
18611530508
18611530508
18951887339
18611530508
15158011659
18535133777
18560037333
18005192758
13860677656
13426158611
13426158611
13482767907
13810990348
18618469187
15821100230
15821100230
15821100230
15821100230
15821100230
15821100230
13588141651
13522555375
13906002312
13922104336
15805810083
13528494021
15996303350
15996303350
15996303350
15996303350
15996303350
15996303350
15996303350
15996303350
15996303350
15996303350
15996303350
18001350850
13016022335
15059177231
13392138330
13392138330
18680758492
18652033248
18622104795
18622104795
18622104795
18622104795
18622104795
18622104795
13018748456
13603075759
18121323366
17771880731
13309018258
18600522211
13925187541
15009208852
13153032737
15001111249
18622601570
18618411783
15901150678
18698168237
18918021025
18918021025
18162580678
15063921581
13181702013
13181702013
18600799234
18600799234
18600799234
18600799234
18600799234
18600799234
13810711302
15810763459
18666825068
18666825068
18666825068
18666825068
18666825068
18630850179
13998669511
13955185550
13955185550
13955185550
13955185550
13955185550
13955185550
15692155070
18600203526
18600203526
18600203526
18611207389
18611207389
13671624147
13601847459
13601847459
18513407703
13920041788
15901446409
15810386625
18563800419
13761130505
13950151878
13917588464
18037130603
13521108859
13417375764
13521774767
13521774767
13521774767
13521774767
13521774767
13521774767
13521774767
13521774767
13521774767
13521774767
15845466707
15942618040
18964326568
13810635242
13439584735
15275181408
15275181408
15275181408
15275181408
15275181408
15275181408
15275181408
15275181408
15275181408
15275181408
15275181408
15275181408
18688833315
13717786503
15901126706
15901126706
18501032336
15555519954
13860122406
18316962292
13317310478
13317310478
18888965834
13683398152
13683398152
15110183134
18680748188
18680748188
18680748188
15568277707
18656253324
15221906893
18600984471
13909211135
13909211135
15898230879
13601921010
13728983839
13728983839
13728983839
13728983839
13728983839
13721022512
13564685097
15906699970
18601045510
13823546912
13821354581
15724754615
18680712515
13910586256
13632340324
13816425514
13821823188
13920040210
13591088543
13591088543
13591088543
13591088543
13591088543
13591088543
13591088543
13591088543
13591088543
13591088543
13591088543
13505810606
13505810606
18207558279
18207558279
18260038380
18627963303
13911039647
13911039647
13510160403
13510160403
13510160403
18641181906
18641181906
18641181906
13810574211
13381130009
13233995799
15156998132
13700621132
13700621132
13764592772
13764592772
13611073742
15822885241
15822885241
15822885241
15822885241
13659858782
15010796376
15920549983
13476836256
18868810663
13401040341
13401040341
15615323268
18368037871
18368037871
18368037871
18368037871
18368037871
18368037871
18617235130
13902205553
13920803146
18928878756
18928878756
13600973783
15022215294
13801243651
14741513298
18516192988
18516192988
13591497419
15069151266
15901023390
13680031113
18651081933
18575503591
13030176980
15955328003
15864211673
18929393889
18929393889
18929393889
18601123462
18601123462
18601123462
18601123462
18601123462
18601123462
18611544408
13644041841
13810424995
18902250898
18629693800
15921205538
13639502817
13485337116
18601107963
18601107963
15810270812
15810270812
15810270812
15810270812
15810270812
18124233390
18863308279
18805761111
18805761111
18805761111
18805761111
18805761111
18805761111
18805761111
15895801604
15366905520
15366905520
13801587110
18686632780
13810147184
18511697605
18511697605
18511697605
18511697605
18511697605
18511697605
18511697605
18511697605
18511697605
18511697605
18511697605
18511697605
18511697605
18511697605
18511697605
18511697605
18511697605
18511697605
18511697605
18511697605
18511697605
18511697605
18511697605
18511697605
18511697605
18511697605
18511697605
18511697605
18511697605
18511697605
18511697605
18511697605
18511697605
18511697605
18511697605
18511697605
18511697605
18511697605
18511697605
18511697605
18511697605
18511697605
18511697605
15901566007
15008483720
13098836435
13006863658
18559329969
13761572477
13331041012
13401091191
13331041012
15909850262
18020755868
15397128686
15803439118
15120040769
18673112252
13852288851
18082235220
18082235220
13501601963
13501601963
13860163866
13581732025
13018943333
13161629642
18698874090
15854257195
13761492902
13262262285
13610752508
13801252862
15701590227
15731145550
18210597001
13505421573
15620587245
18795185662
13429255626
18910717618
18910717618
18232709520
15057196566
13660388899
15011297066
15011297066
13510998922
18995623016
13792904564
13478804398
13620999601
18701654456
18624360787
18624360787
13554426737
13501373333
18522796868
15121104199
15002447992
18687016970
18017566029
18017566029
18358132077
18511866591
13144613030
13555017761
18988997563
13840598785
13840598785
15165136668
13719399512
18502150004
18101893830
13586236237
18602469872
13433238784
13433238784
18753523627
13600095998
13600095998
13911379859
13911379859
15757130765
13911334927
13942477782
13911334927
13661670696
18913972909
18653296023
13796334388
13382055789
13989892675
13989892675
18612532589
18612532589
18310767897
13554652820
13554652820
13554652820
15833737835
15620301678
18221801759
13114962799
13824391677
18001832157
15010942053
13853125557
13510919469
13510919469
13589351257
18640407268
13732056776
18006781152
18156531788
13662601091
13914481919
13098832240
13720895160
13801862189
13801862189
13801862189
13801862189
13801862189
13581570819
13811207800
13623602525
13051210980
13902991052
13654260203
13654260203
13654260203
13654260203
18630859536
17717574612
18500350710
15858108219
13588834433
13713992202
15951582575
18650078590
18650078590
18650078590
18650078590
18650078590
18650078590
18650078590
15985824004
15985824004
13963129677
18061768776
13963129677
18951943726
18951943726
15022387688
15869157960
18061768776
15618965809
15618965809
15618965809
15618965809
15618965809
15307185671
18033066623
18033066623
13968171455
18948323003
15268642580
13750608899
13358860999
15801515717
18524116963
18841265865
18841265865
13684906667
13684906667
18255352374
15001799639
18614081186
13021034636
18565517020
15680508113
13811660085
13811660085
17702777701
15210849212
13817922759
13581700245
13804954127
13804954127
18510454515
15504281197
15602935766
15602935766
15602935766
15602935766
15898145434
15852506323
13826019627
18506839978
15656088990
18622018223
13631368603
13764570171
15280252805
18900580203
18900580203
15652965263
18612180901
15222661130
15222661130
13526711405
13526711405
13998216799
13956365359
18326039909
18366209856
18932913658
18932913658
18932913658
18932913658
13921177397
13880228078
13880228078
13880228078
13880228078
13880228078
13880228078
13880228078
15010797603
13810082930
13693691877
13926594023
13604400446
13604400446
13604400446
18668912617
13760447466
13760447466
15251751886
13430244420
13430244420
13430244420
18005351007
18600241936
13002456649
13456952596
18722460523
18722460523
13175005865
15642710729
15642710729
15642710729
13818039732
13818039732
15261519178
15261519178
15261519178
15261519178
15261519178
15801109300
15801109300
15805949177
15010106880
13910690295
13502028109
18367165797
15902777747
15806501057
15806501057
13711001873
13711001873
13488642353
13488642353
13488642353
13396599769
13396599769
13396599769
18611322300
18611322300
18042640030
15216774092
15942821322
15642309311
13687621001
13687621001
13425190028
13425190028
13425190028
13425190028
13425190028
13425190028
13425190028
13425190028
13425190028
13425190028
18618413856
13901374390
13310229117
15909398880
15909398880
18028803444
18018682719
13760423435
18667115099
18801041281
13720897227
13003222332
15101013433
15908943061
15140240828
15210458646
18510265702
18602445967
13424219825
18767156453
18767156453
13026571119
15327380237
13522571582
15840221766
13917419809
13917419809
13917419809
13917419809
13917419809
13641232660
13641232660
18688926771
18842608468
13701154153
13730913683
13681802118
18621330840
13801168971
18620582962
13500932277
13718786988
13681606447
13120023268
13120023268
13120023268
13656818343
13590115311
13590115311
18868412755
13516529240
13516529240
18601132201
18258286110
18672770341
18612791399
18612791399
18612791399
13392618689
13811816577
13521963053
13521963053
13521963053
15995690602
18672770341
13811626614
15013194306
18611755423
18611755423
17702725135
15850580487
18010410831
13376422135
13631314667
15024926795
13906218188
13906218188
13906218188
18622019570
13871489147
13940140859
13940140859
13940140859
13478547474
13810580269
13915963189
13280828953
13500700771
18624002573
13524055116
13910269922
18513198007
18513198007
18513198007
18513198007
18513198007
18513198007
18513198007
18513198007
18513198007
18513198007
18513198007
18513198007
18513198007
18513198007
18513198007
18513198007
18513198007
18513198007
18513198007
18513198007
18513198007
18513198007
18513198007
18513198007
18513198007
18513198007
18513198007
18513198007
18513198007
18513198007
18513198007
18513198007
18513198007
18513198007
18513198007
18513198007
18513198007
18513198007
18513198007
18513198007
18513198007
13922200616
13922200616
13922200616
13922200616
13922200616
13922200616
15071331859
13810439993
13158870222
13158870222
13158870222
18710222800
15010318186
13808683682
18633191169
18611600176
18616376310
18616376310
18616376310
18616376310
18616376310
13917750153
18686889509
13664747497
13664747497
13664747497
13664747497
13664747497
13664747497
13664747497
13664747497
13664747497
13664747497
18101897368
18069791909
18069791909
13301582652
13632413678
13621310020
13621310020
15375469793
13311163263
13311163263
13311163263
13311163263
15972986293
15105174813
15972986293
18072893379
13641883656
13641883656
13720893568
15919720284
15919720284
13718208821
15665756910
13810768736
13700055850
13426290214
13651119778
13426489832
13426163621
13426163621
13426163621
13426163621
13426163621
13426163621
13426163621
13426163621
13426163621
13426163621
13426163621
13770961620
15895016670
13450385610
13450385610
13810615208
18661695692
13661598370
15152886819
15152886819
18701080765
18616320857
18616320857
13520290198
13520290198
13520290198
13520290198
13520290198
13520290198
13910084045
13732261718
13940071204
13952059250
18500218196
13910358096
18511196679
13926585583
13926585583
13521870949
18620312850
13509337213
13825231175
13898818988
13898818988
13851624080
18613879226
13910968754
15986750234
13758109936
18610401310
13951401771
13190117766
15002797278
15959577082
13055507115
13891967307
18661811726
18620128766
18620128766
18620128766
13940043421
13691535394
15236290503
18620128766
18620128766
18620128766
18620128766
18620128766
18368451655
18368451655
15899898786
13331099244
13602002014
15354832327
15354832327
13410490897
13410490897
18215379977
18215379977
13355810212
18826423085
18510521905
18659207052
13666106805
13656651001
13660334328
15053158601
15053158601
15053158601
15053158601
15053158601
15053158601
15053158601
15053158601
15053158601
15053158601
13611500006
15841798127
13771069719
13922263363
13922263363
13564400921
13564400921
15615326438
13816176348
13816176348
13816176348
13719280818
15505322928
18618401261
13608373679
13116163310
13378191188
15192265970
15022757046
18936873330
18665688929
15040403411
15521040889
18661202388
13998481855
13998481855
13998481855
13998481855
13998481855
13922250226
13922250226
13922250226
13922250226
13728727028
18611251151
15901560090
18657121800
15064849888
15064849888
15810026792
15822634606
13666033369
13910449045
13910146919
15201678520
18601345929
18601345929
18601345929
18601345929
18601345929
18601345929
18601345929
18601345929
18601345929
18601345929
18601345929
18601345929
18601345929
18601345929
18601345929
18601345929
18601345929
18601345929
18601345929
18601345929
18601345929
13630498451
13918146419
18611232216
13901119169
18850909356
18850909356
18850909356
15110111002
15942855426
13701235147
13623861729
13671902043
13161294185
18600283766
18600283766
18600283766
13998425168
13956950373
18717356506
18911333667
13810379387
13588108881
13055567222
18657539270
18657539270
18657539270
18657539270
18657539270
18657539270
18657539270
13910127201
18842588117
13809506413
13809506413
13809506413
13809506413
15827449911
13606928688
13823692699
13705818228
13713449366
13521159943
13521159943
13711709595
18503067918
18688715923
18688715923
13392816076
13309859158
13817215286
13817215286
13691121912
13691121912
13691121912
13691121912
13691121912
13691121912
13691121912
13691121912
13691121912
13691121912
13691121912
13691121912
13691121912
13691121912
13691121912
13691121912
13691121912
13691121912
13691121912
13691121912
13691121912
13691121912
13691121912
13691121912
13691121912
13860123889
13851947244
14704177444
13560119661
13828441710
15011228017
18601997510
18622213834
18686776104
18073107711
18267423195
18267423195
13641440376
15989869212
18666210065
13589340009
13589340009
15205171225
13588326625
13588326625
18651854589
15921897023
18765906353
13867761301
13072907158
13815031937
13815031937
13815031937
13815031937
18621092811
13136150753
13942828486
13942828486
18621919955
18621919955
18612228269
18612228269
18612228269
18612228269
18612228269
13902239402
15112191559
13811182049
13718567610
13370166861
15077161680
15077161680
15155955903
15155955903
15622238434
13570585765
18217088152
15522386086
15502132136
18607395797
13554278907
18601128479
18652290521
13795278832
13795278832
13795278832
13795278832
13930665606
18602199328
18565203750
13207197616
13711467511
15805177069
13823788540
18651623102
15241329686
15241329686
18359107406
18623197500
13588809392
15910633802
15910633802
13810724953
13810724953
13810724953
13810724953
13810724953
13810724953
13810724953
13810724953
13810724953
13810724953
13810724953
13810724953
15810152144
15810152144
15810152144
18600601078
13738173445
13146679667
15060663601
13459266353
13861857588
13911881984
13616716096
13616716096
13821268112
13821268112
13662061933
13811931479
13752009017
13752009017
15004295515
15920332353
15920332353
15920332353
18622743632
13760738148
13760738148
18620284968
13580207054
13580207054
15620023026
13602530880
13439050039
18660150558
15857312437
13986258988
13699192036
13604038327
18311107161
18955195508
15651688887
13065735878
13065735878
18701931916
13567176469
13841239961
13564969598
15806014993
15806014993
15806014993
15806014993
15806014993
15806014993
15806014993
15806014993
15806014993
15806014993
15806014993
15806014993
15806014993
15806014993
15806014993
15806014993
15806014993
15806014993
15806014993
15806014993
15806014993
15806014993
15806014993
15806014993
15806014993
15806014993
13502848701
13466747357
13466747357
13466747357
13466747357
13466747357
13477077295
13820108881
15205518129
13821789202
15011391360
15011391360
15011391360
15011391360
15011391360
15011391360
15011391360
15011391360
15011391360
15011391360
13810558058
18513507731
13581857992
13816373350
13816373350
13816373350
13816373350
15941221962
15036218521
15158062088
15158062088
13151233222
13151233222
13723899223
18600697826
18641218268
18918308877
13818564273
13818564273
15012566151
15012566151
18507555807
18510146880
15902084632
15871752504
13331057488
15141213339
15141213339
15141213339
13889298723
18911369521
17791243434
18763175805
13400660834
13400660834
13698672230
13698672230
13698672230
13382083939
18610496227
18610496227
13311032007
13311032007
18510623527
13821076212
13821076212
18013801608
13698692639
13698692639
13698692639
13902409827
13902409827
13902409827
13902409827
13902409827
13902409827
15568837777
18627111249
15011980495
15160094657
18501908028
13883329211
13883329211
15988862128
18503069305
13761387321
13701185613
18500190588
18500190588
18500190588
18500190588
18500190588
18500190588
18500190588
18500190588
18500190588
18500190588
13713881884
18694980804
18610070999
13558189089
13558189089
13558189089
13558189089
15100568900
13661637950
15967145684
13510389206
15606092191
15601203008
13942366347
13942366347
13942366347
13942366347
13942366347
18676452567
13942366347
13522777365
13910740863
13910740863
15866635338
15866635338
15866635338
15866635338
15866635338
15866635338
15866635338
15866635338
15866635338
15866635338
18618101688
13751783387
13751783387
13816828128
15962953259
18800171243
13814074987
15010974259
15010974259
15010974259
15010974259
15010974259
13810370937
13632269454
13693359961
13692109481
13505051853
18917153366
18917153366
18917153366
18561354218
18968077220
13466563042
15566931632
13842690533
18663931939
15855693281
13509731059
13509731059
13911352872
13911352872
13911352872
13911352872
18561559235
17707710255
15901076293
15355006995
13679276539
13679276539
18688428841
18688428841
13811954031
18668165098
18668165098
18668165098
18668165098
18668165098
18668165098
13840918567
13840918567
13840918567
13840918567
13840918567
13840918567
13840918567
13840918567
13840918567
18560031966
18611615637
13601008934
18611615637
13818205204
13818205204
18588466575
18588466575
15018464699
15018464699
15018464699
15018464699
15018464699
13751162170
13250825505
18612703901
13790794190
13888225952
13570945661
15521273119
15988896102
18610534818
18675856613
13810746613
18723761737
13611767473
13920935462
13512204173
13512204173
13476147451
13476147451
18101196076
13621147539
13662012532
18904110297
15112259956
18925233578
13400645396
13955575235
13955575235
13955575235
13955575235
18258169979
13312921268
13693319486
13693319486
18588880175
18110926553
18110926553
15895920866
15895920866
18868711311
18627285252
18627285252
18627285252
18627285252
13821232341
13821232341
13821232341
13821232341
13821232341
18611198187
18611198187
13825272056
18341791791
18341791791
13564753961
13274601946
15623139042
13641246827
18511527033
18511527033
13829067775
13717802100
18605117308
18734166542
13186405786
13928971058
13928971058
13928971058
13928971058
13928971058
13928971058
15541156388
18057181655
13600890926
15615317003
13507400031
15666689286
13969696242
18610812619
18610812619
18610812619
18610812619
18610812619
18610812619
18610812619
18610812619
18610812619
18610812619
18610812619
18610812619
13601181939
15014113669
18651680606
15965169346
18502177903
13581548607
13451868023
18618436117
13476231692
13476231692
13674101716
18810060903
18810060903
13924861120
13924861120
18911807465
13210339223
18951637977
15810596540
18918683819
18678877263
13923887224
15810299866
18680530585
13817155780
13818311170
18995656350
15610556110
15610556110
15010983065
15010983065
15010983065
15010983065
15010983065
15010983065
15010983065
15010983065
15010983065
15010983065
18611911088
18201115171
18710170155
18710170155
13426402252
18663938266
18663938266
18663938266
18663938266
18663938266
18663938266
18663938266
18663938266
18663938266
18663938266
18663938266
18663938266
15040435353
13627295951
13627295951
13627295951
13821321668
15813851125
17605315218
13478791317
13817029319
13130031064
15555198772
18601721719
13001939027
13001939027
18810377593
18665380806
13926164505
13675904548
15869043531
13510280781
18677102634
15810260187
13015729858
13610492188
13610492188
13610492188
13610492188
15941253926
13902959421
13902959421
13902959421
13902959421
13377857838
13377857838
18026225755
18553470787
18698742993
13801699783
13417477398
13910968127
13501315320
13826512921
13826512921
13826512921
13810728851
13954198162
13631682021
13631682021
13631682021
13631682021
13631682021
13552830169
18071070155
18071070155
13631682021
13631682021
13631682021
15263113222
15574909060
18320082260
18320082260
13956364506
15820478689
13666025363
18698862463
15106943096
15106943096
18267170560
13570986075
18612985785
18612985785
13809002531
15827239876
15592195383
13820551572
13810439057
13810439057
15172480295
15810980794
15810980794
15810980794
15042033367
13501182169
13910298660
18618147115
18618147115
18618147115
13898319151
13859074329
18759274341
18759274341
18759274341
18759274341
13120630003
13311120019
13802509737
13857897671
18759274341
18759274341
18759274341
18202604386
18202604386
18202604386
18202604386
18202604386
18202604386
18600591888
18600591888
18588264468
18588264468
18588264468
13352967663
13352967663
15608765596
18258441614
18676623899
13566638248
13566638248
15842004763
18612906471
18652076077
18652076077
18652076077
15990069372
15990069372
15969699392
13725257005
13573182002
13716049172
13567128803
13567128803
13952001606
13967162793
13824485992
13610203305
13610203305
13610203305
13610203305
13610203305
13610203305
13610203305
18650971160
18664586146
13535661438
15242833330
13121409443
18907718798
18606776599
15204730303
18511189768
18616574479
18262623612
13911341688
13911341688
15155259099
18503870619
13998075834
13810897391
18678517777
15172548536
15172548536
18930091768
13901367155
13480121204
13480121204
13480121204
13480121204
13585044573
13189168674
13426229766
13426229766
13726268991
18601280884
13560122752
15800788815
13425531511
13425531511
13425531511
13826140402
13521049077
13823689615
15908084258
18758869220
15227666977
13718628698
18511557751
13520448882
13438085560
13560083140
13811123360
15901532402
18722374241
13031794777
13505816488
13556803065
18636131878
18636131878
18636131878
13791985778
13752253805
13752253805
13916333603
13683007677
18501070759
18664888103
18059869919
13255556120
13255556120
13255556120
13255556120
13255556120
18941365256
17858307673
15122376504
18912506371
13560355612
13560355612
15910673356
15910673356
15910673356
13672089569
15220239638
15725086434
13866664846
13719163595
15651962091
13917452041
15168383430
18822432725
15810496985
18561315177
18701786322
13134112777
18011771060
13683666186
13811573069
18623129944
18623129944
18623129944
13917941021
13917941021
18978180922
15010095967
13924607882
13924607882
13819179839
13819179839
18946642656
13706750278
18682382609
18682382609
18682382609
18682382609
18682382609
18682382609
18682382609
13810045885
13420672010
13701117517
13760116677
15922236933
18516083344
18516083344
18155221155
13654032519
15700088993
18632820297
13436800217
18562758160
13319100729
13319100729
13621767258
13709880012
13589236001
18222382243
13953180458
13922201373
13148556789
18222382243
13898970512
13898970512
18616526813
13824373384
13509813860
13764007167
15861556850
13590111681
15001009021
15001009021
15001009021
15001009021
15001009021
18301087636
15827181223
13218086902
13218086902
15317089936
18676651007
18688922450
13602894627
13602894627
13602894627
13811902614
13810087881
13865901129
13418882006
18600850236
18663980962
18810969670
18937486868
13824043465
18842331656
13042221103
18610370427
18610370427
18610370427
18610370427
18610370427
18610370427
18610370427
18610370427
18610370427
18610370427
18610370427
18610370427
18610370427
18618190127
18910080169
18576674663
13628028003
15998895591
15998895591
13804987925
13661198644
18857155522
18857155522
18857155522
18857155522
18857155522
18857155522
18857155522
18857155522
18611247852
18037568885
13388616857
13388616857
13388616857
15921443197
18117111170
18117111170
18518138763
13539958643
15339270090
13601031187
13601031187
15353630819
15353630819
13062867969
13062867969
13642101559
13752667246
18611485262
18500321087
15955522187
13824349245
18652216600
18660575402
13816955082
13563666962
18641712001
18641712001
15088716743
18600797198
17605323520
18600797198
13910681218
18600797198
18535727900
18500048015
13801779377
13109871696
15910890619
18252107944
15201219742
15201219742
18332069912
18687319502
18687319502
13321127189
15814426042
18636801126
18636801126
13798019200
18633535385
18808335219
13052273163
13052273163
15022579237
18604178223
13842054557
18833571646
15066809020
13799290411
13436581976
15899801668
13564221441
18234142591
18234142591
13811387205
13811387205
18101849393
18101849393
18101849393
13515400311
18363959523
18621146082
13691088805
13691088805
18810240700
15950498139
15688755918
13269677616
13269677616
18928990087
15210247697
13466659868
13811219964
18817882067
18616717830
18616717830
18616717830
18616717830
18616717830
18971386410
13226222183
15922243496
13811713255
13602688321
13252223075
13817022048
15154021787
13853117557
15889692005
13918686884
13918686884
13918686884
13918686884
13918686884
13918686884
13918686884
13918686884
13918686884
13918686884
13918686884
13918686884
13918686884
13918686884
13918686884
13918686884
13918686884
13918686884
13918686884
13918686884
13918686884
13918686884
13918686884
13889162068
18620033093
18600720679
13584031326
13683669751
13600046118
15927216202
18620033093
15927113877
13815414826
15810938457
18983628630
18017180706
15840845745
18804282860
15962542440
13940009766
13560161012
18757152125
18757152125
18611635219
13510900073
13510900073
13802939877
13701142468
18363092691
18363092691
18363092691
18363092691
13842604252
13842604252
15913331184
13601625526
13564528446
13675122325
13311389787
13794045084
13819186008
15050588680
13823568186
13100001103
13962524627
13962524627
15921925543
18610032406
18610032406
18610032406
13813891095
18710019708
18710019708
18710019708
18710019708
18710019708
18710019708
18600130159
13910171332
13910171332
18988805189
18988805189
18988805189
18988805189
18988805189
18988805189
13683341151
13701392735
13543048388
13520810005
13737947171
13737947171
17701601518
17701601518
17701601518
17701601518
17701601518
17701601518
15950667279
13301600852
13301600852
13672080560
18507004400
18652020388
18652020388
18652020388
13658699016
13570476279
13810818791
13570354843
15000570047
18924111199
13916704507
13916704507
18924111199
13426150178
13818435254
13185531327
13185531327
13185531327
13185531327
13185531327
13185531327
13185531327
13185531327
13602578757
18636618421
13166668706
13166668706
13166668706
13166668706
13166668706
13067720278
13810486731
18014921296
13682238938
18753216907
13240338999
13240338999
13240338999
13240338999
13240338999
18616723695
18611865776
18618309615
15822179459
13916959220
15955144183
13261004670
13261004670
18611469728
13889219358
13889219358
15053220674
15852823333
15222669416
18629436393
17702270021
17702270021
17702270021
13917895245
18001126610
18657799077
18620209557
18620209557
18620209557
18926003715
18926003715
18661669328
18678237824
13916286686
18669707121
18701047343
13810866370
13928838079
13928838079
13928838079
15866626123
15152992333
13220173760
13466659955
15158050083
15504329133
15504329133
15940898457
15940898457
15195850189
17605327097
13818878704
18645009889
13711627531
13711627531
13426493296
13426493296
18502508576
18653241101
13917074406
13456880028
13470007988
13470007988
13656688168
17717309559
18701449839
13804911999
18642222312
18620222560
18620015218
18001580890
13611505257
13306485919
13603066611
13611082117
13823774375
13811035926
13811035926
13811035926
18806663637
18806663637
13662438422
13811035926
13811035926
13421343023
18666828134
15915812735
13989825399
18001169212
18001169212
13940255979
13940255979
13940255979
13940255979
13940255979
13940255979
18659155183
18659155183
18659155183
13910575379
15164213907
18650338819
13631397286
13824373634
18602189026
13811677503
18612905602
13501125052
18688438188
18688438188
18688438188
18688438188
18688438188
18688438188
18688438188
18688438188
18674000812
13867008755
13760471499
13911621035
13911621035
15198031112
15198031112
15671052948
13622376188
15241130967
13794886831
13794886831
13794886831
13602676641
13602676641
13602676641
18204006926
15000687783
18674881175
18674881175
18674881175
18674881175
18674881175
18674881175
18674881175
13389027808
18622321596
18622321596
18622321596
18622321596
13810946481
13075883481
13075883481
18515378081
18613086831
13940353035
13588191554
13207140612
13207140612
13207140612
13207140612
13439002152
13710653321
13943695385
13580310679
13710653321
18559250715
13710653321
15810890794
15308622188
18901089365
18621875415
13322222516
13322222516
18138409996
18221026394
15562185621
18926085546
13910004977
15380388762
15921772032
13451932734
17701350866
17701350866
13681918486
13050187166
13522588316
13599543298
13689087076
15858105712
18601171715
13805192504
13805192504
13805192504
13806005355
18888968605
18547182300
13798028454
13501394507
13065868863
13245359590
13245359590
13488878180
13488878180
18124592458
18124592458
15953292718
18502127925
13564688688
18660277882
18611786357
18665625983
18665625983
18665625983
18565111548
13753126603
13470007201
15053250873
18516351821
18642965199
18610277827
18610277827
13660566023
13375326186
13581069206
13751178173
15863028089
18616318959
13826094141
13358686499
13358686499
18640197901
13358686499
15915706466
15633128090
13828871205
18811680011
18701615085
13750816725
18612448337
13155496256
13500003051
13500003051
18611118090
18611118090
18018729027
18616915101
15253293583
15040160685
13811703001
18007552395
18007552395
15840602552
15965041765
18666620128
15940251015
15940251015
15940251015
13401121805
13910568218
13910568218
18500321835
13466590261
15815530036
15815530036
15815530036
15815530036
15815530036
15815530036
15815530036
15815530036
18502000280
18502000280
18502000280
18502000280
18502000280
18502000280
18502000280
18502000280
18502000280
18502000280
13871499536
13871499536
13301295135
15105533427
13510130587
13331004284
18737188684
13842227689
13925113177
13515996607
18910111833
13815888817
13815888817
13815888817
13815888817
13815888817
13815888817
13815888817
13815888817
13815888817
13815888817
13815888817
13815888817
13815888817
13815888817
13815888817
13815888817
13815888817
13815888817
13815888817
13811100472
18959228810
15813807526
15376391001
15376391001
15376391001
13585105035
13585105035
13585105035
13585105035
13589046001
18318659267
13162375095
18242240968
18663977712
18611783687
13371773631
15910753812
15910753812
15910753812
15910753812
15910753812
15910753812
15910753812
15910753812
15910753812
15910753812
15910753812
15840609294
13426378713
18660168877
15900248356
13789870531
13681831743
13681831743
13681831743
13681831743
13681831743
13681831743
18196537761
18196537761
18196537761
18196537761
18196537761
13811149625
13811149625
13811149625
13811149625
13811149625
13811149625
13925270134
13506485871
13811149625
13811149625
13811149625
13823386832
13823386832
13706816925
13706816925
13706816925
13799289946
18580620299
13816739298
18811541005
18811541005
13793131301
13793131301
13793131301
15305221872
13715006706
18920125788
13816866356
18669691124
18903434007
15641118566
15810950732
18943170755
18903434007
15165216597
18611078918
15251877152
18868833646
18001333122
18618437660
15814043046
15951892400
13311587997
13911861641
18611379597
13560253446
18021068283
18640954770
18640954770
18640954770
15152160811
18611553620
15610511000
15610511000
15610511000
15610511000
15610511000
15610511000
15610511000
15618107987
18628135415
13761731308
13599524099
13599524099
18610271028
18610271028
18610271028
13599524099
13599524099
13599524099
13856093987
13599526103
15533993580
13711745147
13711745147
18600474631
18800119118
18663135657
13959253666
13578794223
15151898151
18810573360
13601375419
13601375419
13601375419
13601375419
13601375419
13622328300
18503367850
18503367850
15818537279
15222830586
15222830586
13716813510
13933018008
13933018008
13933018008
15914138495
15914138495
13926049292
13916230658
15914138495
18908643711
18908643711
15344355995
15344355995
13683628281
13683628281
13811989509
18002645678
18002645678
13995668563
13121800326
13590376118
18017375012
18017375012
13834517722
13625366186
15622217283
13851615881
13564567262
15011521293
13702064398
13606027107
18601910991
18601910991
18967149886
13811791823
18677197290
13570072373
13570072373
13570072373
13570072373
13570072373
13788972578
13510561390
13723480867
13911910601
13911910601
13911910601
13911910601
13911910601
13911910601
13911910601
13911910601
13911910601
13911910601
13911910601
13911910601
13911910601
13911910601
13911910601
13911910601
18611690505
13834605588
15968168177
15968168177
15164009898
15005211453
15005211453
15005211453
15005211453
15005211453
15219500527
18633711596
13663533231
13591304175
13515511148
13078764833
13509644780
15001111208
18611026099
13810314126
13910716485
13811250885
13131190715
13922115711
13910998717
18051000069
15921734987
15921734987
15921734987
15921734987
15921734987
15921734987
18051000069
18051000069
18510329729
13060635422
18622513883
18622513883
13714271012
15031436302
15031436302
18511663724
13671875469
15913103628
18620288863
13821531836
15256085533
15256085533
13661809349
13661809349
13681285098
13752551815
18868876946
18156012044
13554014303
13554014303
13946271890
13041094911
13400542500
15954899990
13826095430
13341032493
13341032493
15818118816
13426382406
13426382406
15121042985
13818699794
18911058300
13426382406
13426382406
13426382406
13426382406
13426382406
13426382406
13426382406
13426382406
13426382406
13426382406
13426382406
13426382406
13426382406
13426382406
13426382406
18758590700
18810187775
15190280132
18713191397
13811451154
13820110908
13602424241
13602424241
13602424241
13602424241
13331090167
13331090167
13311377877
18810810687
15172450181
15172450181
15172450181
13711193388
18652081077
13601058879
13601058879
18621104178
13910107089
13910107089
13368375416
13368375416
13906420548
18611485504
13661957228
13661957228
13661957228
13661957228
13661957228
13416232732
13810068804
18910371287
18002235602
18810686725
18660788267
18753253279
15899577362
15899577362
15899577362
15899577362
15899577362
15899577362
15899577362
15899577362
15899577362
15899577362
15158885783
15158885783
15158885783
15158885783
18357143998
13916958282
18630163765
13003733377
18801599084
18801599084
13122500839
13122500839
18627925688
13855197317
13858053520
13858053520
15919002015
18611007604
18600259000
18611057266
18611057266
18611057266
18611057266
18611057266
18611057266
18600661123
13811977565
18297619098
18940803138
18627845901
13145739535
18566261029
13437279167
18627845901
18611057266
15501297751
18674097958
15110269560
13911527840
13911527840
13911527840
13911527840
13911527840
13911527840
13808630836
13299095293
13555941377
18621618777
15957182999
18758188911
18801148808
15001040721
18610935342
15810599510
13636666219
15953222363
15953222363
13591142294
15013505722
18633530626
18633530626
18633530626
18633530626
18633530626
18633530626
18633530626
18633530626
18633530626
18633530626
18198243256
15715800315
18950165198
13794313899
18642623377
13928910091
15651027744
15651027744
13751036880
15925613011
13751111211
15825731701
13072498828
15901461797
15355890265
15710061754
15710061754
15710061754
15710061754
15710061754
15710061754
15710061754
15996996066
15996996066
18675591021
18675591021
18930539897
13573818052
13775886234
13775886234
13775886234
13775886234
13775886234
13775886234
13775886234
13775886234
18640403583
18910319860
13351542596
13817546079
18561783074
15010900643
13586520806
18858147282
18602045425
13851805088
15920089539
13603091462
15958541314
15958541314
15958541314
15863806109
13978650888
13650517330
18640318587
18640318587
13920887516
13571835299
15135081954
13775269663
13522759700
13522759700
13510791445
18612683152
15810019895
15810019895
18551618795
13528375097
15195875063
13792896820
13792896820
13792896820
13792896820
13792896820
13792896820
13792896820
13792896820
13792896820
13792896820
18910363199
18910363199
18910363199
18910363199
18910363199
18910363199
15522766405
18126759827
18511070382
18511070382
18601135096
13811857030
13789855596
13811082783
15026951576
18005516111
15658135801
15658135801
17767196886
17767196886
15994222628
15994222628
15994222628
13998500432
18018683378
18810255518
18138871965
18138871965
15901550493
15801366482
13965217842
13965217842
13965217842
13998196634
18654616400
15641124163
13916004684
15522377020
13212183008
18630889753
13811785971
13955162501
13902215251
13564892435
13564892435
13564892435
13564892435
13564892435
13564892435
13564892435
13564892435
13564892435
13564892435
13851861435
13826410126
13777405352
13007114058
18968120582
15821003806
13352615233
13185053339
15141560815
18920526990
13051888018
18777179002
13770914503
13570582234
18507199022
15726622319
13592035367
18898610055
15726622319
13321196262
13725269991
13301013617
13456996420
18612097556
13920076805
13728987332
13570406034
13656654767
15906629023
13340986913
13989491161
18059257553
13134177654
15153149793
13791981157
13791981157
13791981157
13791981157
13791981157
13791981157
13791981157
13791981157
13791981157
13791981157
13791981157
13791981157
13791981157
13791981157
13791981157
13791981157
13791981157
13791981157
13791981157
13791981157
13570325132
18210189397
13805422079
13714360365
18627963824
13162892112
13162892112
13560031610
18017204585
13439217361
13439217361
13439217361
13439217361
13920491966
18589036550
13826044202
15158155303
13535365507
13504090998
13504090998
13504090998
13504090998
13504090998
13504090998
13504090998
13504090998
13504090998
13504090998
13504090998
13504090998
13504090998
13504090998
13504090998
13504090998
13504090998
13504090998
13504090998
13504090998
13504090998
13504090998
13504090998
13504090998
13504090998
13504090998
13504090998
13504090998
13504090998
13504090998
13504090998
13504090998
13504090998
13504090998
13504090998
13504090998
13504090998
13504090998
13504090998
13504090998
13504090998
13504090998
13504090998
13504090998
13504090998
13504090998
13504090998
13504090998
13504090998
13504090998
13504090998
13504090998
13504090998
13504090998
13504090998
13504090998
13504090998
13504090998
13504090998
13926051799
15140780767
15801738187
15801738187
13666262194
13998800520
18612229129
18612229129
18505317110
18618124614
18618124614
13568759522
15065535572
15065535572
15065535572
15065535572
15065535572
15065535572
15065535572
15065535572
15065535572
13580496065
13821992216
13901861030
13055516020
18621577730
13671005611
13880773391
13880773391
18524116212
18121288347
18121288347
13831396799
18615696405
18066110558
18066110558
18066110558
18066110558
13735831871
13736144492
13552976727
13552976727
13552976727
15620992009
13825261629
13811348683
13811348683
18600511258
18601396293
13351231875
13928837287
15559010005
15559010005
15559010005
15559010005
15559010005
15559010005
15559010005
15559010005
15559010005
15559010005
15559010005
15559010005
15559010005
15559010005
15559010005
15559010005
15559010005
15559010005
15559010005
15559010005
15559010005
15559010005
15559010005
15559010005
15559010005
15559010005
15559010005
15559010005
15559010005
15559010005
15559010005
15559010005
15559010005
15559010005
13642173037
13098808173
13098808173
13636401773
15020043606
15928179804
15300347762
13570937079
18621350852
18621350852
18621350852
18621350852
18621350852
18621350852
18621350852
18621350852
18622370130
18868159021
13611658189
13951674632
15206669193
13611712956
13611712956
13611712956
13611712956
13501180855
13913919834
13913919834
13501180855
18513602776
18513602776
13588081191
13795205247
13616426806
13780054217
13662571529
18612301119
18906045996
13811206644
13681430965
18640859487
13842605066
18911259558
15959227225
13567164650
13567164650
18612756380
18515292436
18341621076
15145213343
15145213343
15145213343
13810753203
13810753203
15305882557
15011568336
13691351466
15910428865
13361277216
13945266873
13945266873
13945266873
18192128600
13666633579
13811690180
13583181106
18587679260
13897803597
13317146638
13910227849
13880093032
15869318387
18057402088
15305927109
15986653569
15022039745
18616261286
18616261286
18616261286
18616261286
18616261286
18616261286
15589932292
15589932292
15589932292
15589932292
15589932292
15589932292
15589932292
15589932292
13817679611
13502844405
15927650224
13570060848
13570060848
15195757117
13602018016
13705174431
18627836525
18627836525
13705174431
13420989655
13630042812
18964756325
13916754911
18622071691
18622071691
13801663098
18618331516
18618331516
18618331516
18618331516
18618331516
18618331516
18618331516
18618331516
18618331516
18618331516
18618331516
13012206378
13751796494
13751796494
18612205074
13627288296
13568949567
13732242147
15851870817
15371928400
13411037203
13761133242
13602820389
13516297986
18600053396
18933993693
18933993693
13613010589
13613010589
13911099318
13911099318
13810601248
13560236300
13998144513
13986238686
18911765464
18911765464
18673115612
18673115612
18673115612
13924257777
13757151841
18986214883
18602185283
18620287977
13510295765
15112393180
13918771788
18616873955
15806105692
18661739281
18661739281
15950567342
13817071117
13661717460
13840563857
18611915050
13803462306
13803462306
13811216357
15201566832
13823356167
13486118912
13725325700
13991375389
18719468914
18719468914
18719468914
13770335401
15726683676
18769775350
18152816808
13904617765
18762838343
15134298982
15134298982
15195877346
15195877346
15195877346
13862202468
18680214391
15827337959
13501081630
15195877346
15195877346
15195877346
15195877346
15195877346
15195877346
15195877346
15195877346
15195877346
15195877346
18653605345
18755151292
15140491682
15140491682
13611657059
13570565389
13560027945
15020083500
13609003697
13585109993
13813975651
13700332844
13480616806
15966167576
18866191110
18701674509
13581831051
13581831051
13581831051
13929522735
15042389136
18606464698
13940081823
13039701122
15611700003
15060822628
15000918133
15818815056
15806676287
18101196670
18614060688
18611791275
13691709270
18019915111
18511886885
18511886885
18511886885
18511886885
18601210776
18602435963
18602909818
17701038135
13876312325
18454615558
13820623830
18616156153
13788925285
13802774122
13971113186
13902909585
13902909585
18612233887
15802727733
13817068820
15802727733
13906504960
13906504960
13906504960
13906504960
13375573650
15807192446
18561212966
18627968811
13811277490
18463146960
13611075290
18621960691
15212133964
15990179232
15990179232
13995522551
13873152387
13863671725
13863671725
13863671725
13863671725
13863671725
13609759699
13003687872
18734554800
13911079434
13911079434
15240230841
13799123968
13799123968
13930192309
13916641761
15172453767
13863920156
13810475819
15822120759
13810431144
13552101325
13552101325
15956957909
15956957909
18620013815
18883788837
13472496903
18602134866
18602134866
15210665095
13510950256
13263297001
13863638877
18918683513
18918683513
18703358712
13556026566
13166771223
13166771223
13545508302
18682199521
13510273773
13104120710
18611920276
18522035329
13605146666
13605146666
13605146666
13605146666
13605146666
13605146666
13605146666
13515755983
15898167085
15860308170
15902028339
18616517153
18616517153
18616517153
13840148298
13609785695
15904119927
15895823141
18561320256
15309803196
18251020088
15910636462
15910636462
15910636462
15910636462
13571825257
13920913002
13922717234
13922717234
13922717234
13922717234
13922717234
13922717234
13922717234
15167167821
13994267740
13588198573
13811628585
13962474886
13962474886
13962474886
13962474886
13020028089
13605155248
13962474886
13625007750
13429261265
18618155653
18667117505
15680915419
13301192408
13301192408
15161715252
15921441148
13650993377
13630183128
13051317417
18322156514
13942836581
13051806254
15811566526
13019468895
15280400121
18741365000
18062082768
18510064159
15610103010
13256176678
13842618821
13842618821
18655627175
13029459333
13585601206
18151679080
18600083550
15901075256
13732136372
13573398921
13585601206
15990769355
13910927626
15942694477
15811414555
15889631157
13588319533
18610279392
18667038212
18667038212
13425194853
13376444888
13664237365
18019781388
18019781388
15850793422
13522583328
13071131241
13606005805
15165270250
15165270250
15165270250
15165270250
15165270250
15165270250
13466662062
18701103569
18701103569
13693652198
13693652198
13588042283
17090881989
13581713742
13581713742
13632648460
15688986097
13321160076
13583288881
13905328875
18651871291
18610347189
13699869755
13728075083
18310001128
18310001128
18610591325
15640561202
18501359975
18268856798
18268856798
15566813936
15227271686
15810301155
13910176778
13809810068
15900375161
18641594487
18641594487
18641594487
13942408834
13321119776
15806618250
18606200123
13505092736
18610017608
13810792078
13606482876
13811229493
13846785058
13062571129
13942091727
13510144362
18112367555
18112367555
18112367555
18112367555
18210955250
13916677716
18201041199
15011502297
15011502297
15222540289
13609503032
15200329939
18641106343
13810034354
18612189206
18503100220
18019781651
18905000188
18635794005
13375749999
15080455624
15080455624
15080455624
15080455624
15080455624
15080455624
13701990706
15901311354
18903119622
13911109361
13918410707
18652907128
15927025507
18652907128
18685197186
13739085678
13739085678
13969999936
13969999936
13513398268
18698168800
13624093043
18375805838
13564504212
13564504212
13818382082
15011327265
15541402706
18201642251
13942250315
13942250315
13942250315
13942250315
13942250315
13942250315
13942250315
13942250315
13942250315
13942250315
13942250315
13942250315
13366230507
18611719231
13864298900
15900234317
18665637609
15802716646
13911798469
15041216906
13321882106
13910627464
15999556042
13301281087
13545037650
18086683500
18019026739
13538205305
13818596720
13818596720
15684295266
18610133923
13667192146
13826407288
13826407288
13335023222
13810153750
13810153750
13810694515
13810694515
13810694515
13810694515
13570983309
13933001672
13933001672
18610320918
15980775998
18575551887
18608638956
13586930059
15129566187
18653241992
18600800030
18600800030
18600800030
13450446485
13450446485
13588088561
18561628879
15067161848
15641222661
13589955868
18968185796
18910479057
15323334788
18520240204
13827118575
18600190785
18017053255
13910962671
13501110369
13775179005
13775179005
13916674462
13916674462
13991123425
18607888454
13933768179
13788999676
13757173605
13872698833
18660810928
15261151153
13428955877
13581792156
18503006676
13662009784
13821227873
13691333253
13570365758
13570365758
13570365758
13570365758
13302468060
15811029424
15811029424
13810067628
13720002235
13720002235
13421350218
15800663831
13361207466
13801666742
18669876060
18926130513
18911776035
18911776035
18652051802
15110026163
15066257047
13801009463
13940087495
15757192835
13964128076
13964128076
15106112862
13911106219
18600546240
15165615657
13911687179
13818061101
13811520789
13647223713
18253345213
15010334783
15022483746
13810625404
18610044918
18616625075
13463985151
13959285518
13959285518
13959285518
13959285518
18653233377
13600547181
15135110760
18978969235
15901482408
15010681726
15963257599
18698550678
15902985160
18311492004
13681733337
18302248840
13572439386
13580489959
18022343319
13810783363
18612577058
18612577058
18612577058
18612577058
13701981949
13585820932
13600516770
13524526267
13524526267
15064805833
18623060786
13917329922
13296568468
13296568468
13823361625
13823361625
13823361625
15136381559
15136381559
15136381559
15136381559
15136381559
15136381559
15136381559
15136381559
15136381559
15136381559
15136381559
15136381559
13913997653
13821077512
13799368860
13799368860
18525308776
15110113097
13918522512
15265224029
15265224029
18910264349
13693557698
15010251028
13911152094
13911071664
18663811965
15230539033
13774395412
13235923107
13235923107
13235923107
13560106883
13027934611
13720084397
13851953192
18953567123
13093185496
15010017648
18607739096
15505527999
13813839045
13152032012
18664708483
18757578845
13504988180
13795366398
13500506002
13480786067
13816724209
13322293917
13322293917
13322293917
13760122236
15802491861
13735562281
13735562281
15666770937
13840885327
15012661056
13560226106
13560226106
13048880550
13048880550
15701671803